(kicad_pcb (version 20171130) (host pcbnew "(5.1.5-0-10_14)")

  (general
    (thickness 1.6)
    (drawings 22)
    (tracks 563)
    (zones 0)
    (modules 51)
    (nets 57)
  )

  (page A4)
  (layers
    (0 F.Cu signal)
    (31 B.Cu signal)
    (32 B.Adhes user)
    (33 F.Adhes user)
    (34 B.Paste user)
    (35 F.Paste user)
    (36 B.SilkS user)
    (37 F.SilkS user)
    (38 B.Mask user)
    (39 F.Mask user)
    (40 Dwgs.User user)
    (41 Cmts.User user)
    (42 Eco1.User user)
    (43 Eco2.User user)
    (44 Edge.Cuts user)
    (45 Margin user)
    (46 B.CrtYd user)
    (47 F.CrtYd user)
    (48 B.Fab user)
    (49 F.Fab user)
  )

  (setup
    (last_trace_width 0.5)
    (user_trace_width 0.5)
    (user_trace_width 0.75)
    (user_trace_width 1)
    (user_trace_width 1.5)
    (trace_clearance 0.2)
    (zone_clearance 0.508)
    (zone_45_only no)
    (trace_min 0.2)
    (via_size 0.8)
    (via_drill 0.4)
    (via_min_size 0.4)
    (via_min_drill 0.3)
    (uvia_size 0.3)
    (uvia_drill 0.1)
    (uvias_allowed no)
    (uvia_min_size 0.2)
    (uvia_min_drill 0.1)
    (edge_width 0.05)
    (segment_width 0.2)
    (pcb_text_width 0.3)
    (pcb_text_size 1.5 1.5)
    (mod_edge_width 0.12)
    (mod_text_size 1 1)
    (mod_text_width 0.15)
    (pad_size 1.524 1.524)
    (pad_drill 0.762)
    (pad_to_mask_clearance 0.051)
    (solder_mask_min_width 0.25)
    (aux_axis_origin 0 0)
    (grid_origin 103.175 100.005)
    (visible_elements FFFFFF7F)
    (pcbplotparams
      (layerselection 0x010f0_ffffffff)
      (usegerberextensions true)
      (usegerberattributes false)
      (usegerberadvancedattributes false)
      (creategerberjobfile false)
      (excludeedgelayer true)
      (linewidth 0.100000)
      (plotframeref false)
      (viasonmask false)
      (mode 1)
      (useauxorigin false)
      (hpglpennumber 1)
      (hpglpenspeed 20)
      (hpglpendiameter 15.000000)
      (psnegative false)
      (psa4output false)
      (plotreference true)
      (plotvalue true)
      (plotinvisibletext false)
      (padsonsilk false)
      (subtractmaskfromsilk false)
      (outputformat 1)
      (mirror false)
      (drillshape 0)
      (scaleselection 1)
      (outputdirectory "gerbers/"))
  )

  (net 0 "")
  (net 1 GND)
  (net 2 3V3)
  (net 3 "Net-(C_pwm1-Pad1)")
  (net 4 "Net-(C_pwm2-Pad1)")
  (net 5 "Net-(C_pwm3-Pad1)")
  (net 6 "Net-(C_pwm4-Pad1)")
  (net 7 "Net-(J1-Pad6)")
  (net 8 "Net-(J1-Pad7)")
  (net 9 "Net-(J1-Pad8)")
  (net 10 rx1)
  (net 11 tx1)
  (net 12 V_mid)
  (net 13 rx2)
  (net 14 tx2)
  (net 15 HV2)
  (net 16 HV1)
  (net 17 "Net-(Q1-Pad3)")
  (net 18 "Net-(Q1-Pad1)")
  (net 19 "Net-(Q2-Pad1)")
  (net 20 "Net-(Q2-Pad3)")
  (net 21 "Net-(Q3-Pad3)")
  (net 22 "Net-(Q3-Pad1)")
  (net 23 "Net-(Q4-Pad1)")
  (net 24 "Net-(Q4-Pad3)")
  (net 25 PWM3)
  (net 26 PWM4)
  (net 27 "Net-(R_Sense1-Pad2)")
  (net 28 "Net-(R_Sense2-Pad2)")
  (net 29 "Net-(R_Sense3-Pad2)")
  (net 30 "Net-(R_Sense4-Pad2)")
  (net 31 PWM1)
  (net 32 PWM2)
  (net 33 "Net-(H1-Pad1)")
  (net 34 "Net-(H2-Pad1)")
  (net 35 "Net-(H3-Pad1)")
  (net 36 "Net-(H4-Pad1)")
  (net 37 "Net-(J4-Pad1)")
  (net 38 "Net-(J5-Pad1)")
  (net 39 "Net-(JP2-Pad2)")
  (net 40 M1)
  (net 41 M2)
  (net 42 M3)
  (net 43 M4)
  (net 44 "Net-(J6-Pad1)")
  (net 45 "Net-(J7-Pad1)")
  (net 46 "Net-(U5-Pad1)")
  (net 47 "Net-(U7-Pad4)")
  (net 48 "Net-(U7-Pad5)")
  (net 49 hv_en)
  (net 50 M5)
  (net 51 M6)
  (net 52 M7)
  (net 53 M8)
  (net 54 swdio)
  (net 55 swclk)
  (net 56 rst)

  (net_class Default "This is the default net class."
    (clearance 0.2)
    (trace_width 0.25)
    (via_dia 0.8)
    (via_drill 0.4)
    (uvia_dia 0.3)
    (uvia_drill 0.1)
    (add_net 3V3)
    (add_net GND)
    (add_net "Net-(C_pwm1-Pad1)")
    (add_net "Net-(C_pwm2-Pad1)")
    (add_net "Net-(C_pwm3-Pad1)")
    (add_net "Net-(C_pwm4-Pad1)")
    (add_net "Net-(H1-Pad1)")
    (add_net "Net-(H2-Pad1)")
    (add_net "Net-(H3-Pad1)")
    (add_net "Net-(H4-Pad1)")
    (add_net "Net-(J1-Pad6)")
    (add_net "Net-(J1-Pad7)")
    (add_net "Net-(J1-Pad8)")
    (add_net "Net-(J4-Pad1)")
    (add_net "Net-(J5-Pad1)")
    (add_net "Net-(J6-Pad1)")
    (add_net "Net-(J7-Pad1)")
    (add_net "Net-(JP2-Pad2)")
    (add_net "Net-(Q1-Pad1)")
    (add_net "Net-(Q1-Pad3)")
    (add_net "Net-(Q2-Pad1)")
    (add_net "Net-(Q2-Pad3)")
    (add_net "Net-(Q3-Pad1)")
    (add_net "Net-(Q3-Pad3)")
    (add_net "Net-(Q4-Pad1)")
    (add_net "Net-(Q4-Pad3)")
    (add_net "Net-(R_Sense1-Pad2)")
    (add_net "Net-(R_Sense2-Pad2)")
    (add_net "Net-(R_Sense3-Pad2)")
    (add_net "Net-(R_Sense4-Pad2)")
    (add_net "Net-(U5-Pad1)")
    (add_net "Net-(U7-Pad4)")
    (add_net "Net-(U7-Pad5)")
    (add_net PWM1)
    (add_net PWM2)
    (add_net PWM3)
    (add_net PWM4)
    (add_net V_mid)
    (add_net hv_en)
    (add_net rst)
    (add_net rx1)
    (add_net rx2)
    (add_net swclk)
    (add_net swdio)
    (add_net tx1)
    (add_net tx2)
  )

  (net_class 75V ""
    (clearance 1)
    (trace_width 0.2)
    (via_dia 0.8)
    (via_drill 0.4)
    (uvia_dia 0.3)
    (uvia_drill 0.1)
    (add_net M1)
    (add_net M2)
    (add_net M3)
    (add_net M4)
    (add_net M5)
    (add_net M6)
    (add_net M7)
    (add_net M8)
  )

  (net_class HV ""
    (clearance 1.25)
    (trace_width 0.25)
    (via_dia 0.8)
    (via_drill 0.4)
    (uvia_dia 0.3)
    (uvia_drill 0.1)
    (add_net HV1)
    (add_net HV2)
  )

  (module Potentiometer_THT:Potentiometer_Bourns_3266X_Horizontal (layer F.Cu) (tedit 5A3D4994) (tstamp 5DF8530A)
    (at 180.575 92.805 270)
    (descr "Potentiometer, horizontal, Bourns 3266X, https://www.bourns.com/docs/Product-Datasheets/3266.pdf")
    (tags "Potentiometer horizontal Bourns 3266X")
    (path /5E0DEE8E)
    (fp_text reference R_adj4 (at -3.3 4.65 90) (layer F.SilkS) hide
      (effects (font (size 1 1) (thickness 0.15)))
    )
    (fp_text value "3266X >1k" (at -3.3 -2.1 90) (layer F.SilkS) hide
      (effects (font (size 1 1) (thickness 0.15)))
    )
    (fp_text user %R (at -2.54 1.23 90) (layer F.Fab)
      (effects (font (size 1 1) (thickness 0.15)))
    )
    (fp_line (start 1.1 -1.3) (end -7.7 -1.3) (layer F.CrtYd) (width 0.05))
    (fp_line (start 1.1 3.75) (end 1.1 -1.3) (layer F.CrtYd) (width 0.05))
    (fp_line (start -7.7 3.75) (end 1.1 3.75) (layer F.CrtYd) (width 0.05))
    (fp_line (start -7.7 -1.3) (end -7.7 3.75) (layer F.CrtYd) (width 0.05))
    (fp_line (start -7.535 2.21) (end -6.776 2.21) (layer F.SilkS) (width 0.12))
    (fp_line (start -6.016 1.2) (end -6.016 3.22) (layer F.SilkS) (width 0.12))
    (fp_line (start -7.535 1.2) (end -7.535 3.22) (layer F.SilkS) (width 0.12))
    (fp_line (start -7.535 3.22) (end -6.016 3.22) (layer F.SilkS) (width 0.12))
    (fp_line (start -7.535 1.2) (end -6.016 1.2) (layer F.SilkS) (width 0.12))
    (fp_line (start 0.935 0.495) (end 0.935 3.6) (layer F.SilkS) (width 0.12))
    (fp_line (start 0.935 -1.14) (end 0.935 -0.495) (layer F.SilkS) (width 0.12))
    (fp_line (start -6.015 0.495) (end -6.015 3.6) (layer F.SilkS) (width 0.12))
    (fp_line (start -6.015 -1.14) (end -6.015 -0.495) (layer F.SilkS) (width 0.12))
    (fp_line (start -6.015 3.6) (end 0.935 3.6) (layer F.SilkS) (width 0.12))
    (fp_line (start -6.015 -1.14) (end 0.935 -1.14) (layer F.SilkS) (width 0.12))
    (fp_line (start -7.415 2.21) (end -6.655 2.21) (layer F.Fab) (width 0.1))
    (fp_line (start -5.895 1.32) (end -7.415 1.32) (layer F.Fab) (width 0.1))
    (fp_line (start -5.895 3.1) (end -5.895 1.32) (layer F.Fab) (width 0.1))
    (fp_line (start -7.415 3.1) (end -5.895 3.1) (layer F.Fab) (width 0.1))
    (fp_line (start -7.415 1.32) (end -7.415 3.1) (layer F.Fab) (width 0.1))
    (fp_line (start 0.815 -1.02) (end -5.895 -1.02) (layer F.Fab) (width 0.1))
    (fp_line (start 0.815 3.48) (end 0.815 -1.02) (layer F.Fab) (width 0.1))
    (fp_line (start -5.895 3.48) (end 0.815 3.48) (layer F.Fab) (width 0.1))
    (fp_line (start -5.895 -1.02) (end -5.895 3.48) (layer F.Fab) (width 0.1))
    (pad 3 thru_hole circle (at -5.08 0 270) (size 1.44 1.44) (drill 0.8) (layers *.Cu *.Mask)
      (net 1 GND))
    (pad 2 thru_hole circle (at -2.54 2.54 270) (size 1.44 1.44) (drill 0.8) (layers *.Cu *.Mask)
      (net 1 GND))
    (pad 1 thru_hole circle (at 0 0 270) (size 1.44 1.44) (drill 0.8) (layers *.Cu *.Mask)
      (net 30 "Net-(R_Sense4-Pad2)"))
    (model ${KISYS3DMOD}/Potentiometer_THT.3dshapes/Potentiometer_Bourns_3266X_Horizontal.wrl
      (at (xyz 0 0 0))
      (scale (xyz 1 1 1))
      (rotate (xyz 0 0 0))
    )
  )

  (module vumeter:NCH8200HV (layer B.Cu) (tedit 5E098F91) (tstamp 5DF80D7C)
    (at 156.175 97.005 270)
    (path /5DF77E40)
    (fp_text reference U6 (at 0 -0.2 90) (layer B.SilkS) hide
      (effects (font (size 1 1) (thickness 0.15)) (justify mirror))
    )
    (fp_text value NCH8200HV (at 10 -9.25 180) (layer B.SilkS)
      (effects (font (size 1 1) (thickness 0.15)) (justify mirror))
    )
    (fp_line (start 9 -18) (end 8 -18) (layer B.SilkS) (width 0.12))
    (fp_line (start 9 -1) (end 9 -18) (layer B.SilkS) (width 0.12))
    (fp_line (start -9 -18) (end 8 -18) (layer B.SilkS) (width 0.12))
    (fp_line (start -9 -1) (end -9 -18) (layer B.SilkS) (width 0.12))
    (fp_line (start -9 -1) (end 9 -1) (layer B.SilkS) (width 0.12))
    (fp_text user Vin (at -5.375 -2.375 90) (layer B.SilkS)
      (effects (font (size 1 1) (thickness 0.15)) (justify mirror))
    )
    (fp_text user Gnd (at -5.125 -10.125 90) (layer B.SilkS)
      (effects (font (size 1 1) (thickness 0.15)) (justify mirror))
    )
    (fp_text user Gnd (at -5.125 -10.125 270) (layer B.SilkS)
      (effects (font (size 1 1) (thickness 0.15)) (justify mirror))
    )
    (fp_text user "Vout (170V)" (at 2.125 -2.375 90) (layer B.SilkS)
      (effects (font (size 1 1) (thickness 0.15)) (justify mirror))
    )
    (pad 3 thru_hole circle (at 7.615 -15.075 270) (size 1.8 1.8) (drill 1.1) (layers *.Cu *.Mask)
      (net 1 GND))
    (pad 4 thru_hole circle (at 7.615 -2.375 270) (size 1.8 1.8) (drill 1.1) (layers *.Cu *.Mask)
      (net 15 HV2))
    (pad 2 thru_hole circle (at -7.625 -9.995 270) (size 1.8 1.8) (drill 1.1) (layers *.Cu *.Mask)
      (net 1 GND))
    (pad 1 thru_hole circle (at -7.625 -2.375 270) (size 1.8 1.8) (drill 1.1) (layers *.Cu *.Mask)
      (net 46 "Net-(U5-Pad1)"))
  )

  (module vumeter:NCH8200HV (layer B.Cu) (tedit 5E098F91) (tstamp 5DF80D6B)
    (at 106.175 97.005 270)
    (path /5DF76F83)
    (fp_text reference U5 (at 0 -0.2 90) (layer B.SilkS) hide
      (effects (font (size 1 1) (thickness 0.15)) (justify mirror))
    )
    (fp_text value NCH8200HV (at 10 -9.25) (layer B.SilkS)
      (effects (font (size 1 1) (thickness 0.15)) (justify mirror))
    )
    (fp_text user "Vout (170V)" (at 2.125 -2.375 90) (layer B.SilkS)
      (effects (font (size 1 1) (thickness 0.15)) (justify mirror))
    )
    (fp_text user Gnd (at -5.125 -10.125 90) (layer B.SilkS)
      (effects (font (size 1 1) (thickness 0.15)) (justify mirror))
    )
    (fp_text user Gnd (at -5.125 -10.125 270) (layer B.SilkS)
      (effects (font (size 1 1) (thickness 0.15)) (justify mirror))
    )
    (fp_text user Vin (at -5.375 -2.375 90) (layer B.SilkS)
      (effects (font (size 1 1) (thickness 0.15)) (justify mirror))
    )
    (fp_line (start -9 -1) (end 9 -1) (layer B.SilkS) (width 0.12))
    (fp_line (start -9 -1) (end -9 -18) (layer B.SilkS) (width 0.12))
    (fp_line (start -9 -18) (end 8 -18) (layer B.SilkS) (width 0.12))
    (fp_line (start 9 -1) (end 9 -18) (layer B.SilkS) (width 0.12))
    (fp_line (start 9 -18) (end 8 -18) (layer B.SilkS) (width 0.12))
    (pad 1 thru_hole circle (at -7.625 -2.375 270) (size 1.8 1.8) (drill 1.1) (layers *.Cu *.Mask)
      (net 46 "Net-(U5-Pad1)"))
    (pad 2 thru_hole circle (at -7.625 -9.995 270) (size 1.8 1.8) (drill 1.1) (layers *.Cu *.Mask)
      (net 1 GND))
    (pad 4 thru_hole circle (at 7.615 -2.375 270) (size 1.8 1.8) (drill 1.1) (layers *.Cu *.Mask)
      (net 16 HV1))
    (pad 3 thru_hole circle (at 7.615 -15.075 270) (size 1.8 1.8) (drill 1.1) (layers *.Cu *.Mask)
      (net 1 GND))
  )

  (module vumeter:fixed-IN-13-footprint-wide-sockets (layer F.Cu) (tedit 5DF8A393) (tstamp 5DFA2535)
    (at 106.35 109.5 180)
    (path /5DFE5361)
    (fp_text reference N1 (at -4.175 3.255) (layer F.SilkS) hide
      (effects (font (size 1.2065 1.2065) (thickness 0.1016)) (justify right bottom))
    )
    (fp_text value IN-13 (at 3.175 2.495) (layer F.SilkS)
      (effects (font (size 1.27 1.27) (thickness 0.15)))
    )
    (fp_line (start 0 -1.27) (end 6.35 -1.27) (layer F.SilkS) (width 0.254))
    (fp_line (start 0 1.5875) (end 6.35 1.5875) (layer F.SilkS) (width 0.254))
    (fp_arc (start 0 -0.1588) (end -1.7463 -0.1588) (angle -90) (layer F.SilkS) (width 0.254))
    (fp_arc (start -0.000099 -0.158799) (end -0.0001 -1.905) (angle -90) (layer F.SilkS) (width 0.254))
    (fp_line (start 0.3175 -1.905) (end -0.0001 -1.905) (layer F.SilkS) (width 0.254))
    (fp_line (start 5.715 -1.905) (end 0.3175 -1.905) (layer F.SilkS) (width 0.254))
    (fp_line (start 6.3501 -1.905) (end 5.715 -1.905) (layer F.SilkS) (width 0.254))
    (fp_arc (start 6.3501 -0.158799) (end 8.0963 -0.1588) (angle -90) (layer F.SilkS) (width 0.254))
    (fp_arc (start 6.35 -0.1588) (end 6.35 1.5875) (angle -90) (layer F.SilkS) (width 0.254))
    (fp_arc (start 6.35 -0.15875) (end 6.35 1.5875) (angle -180) (layer F.SilkS) (width 0.127))
    (fp_arc (start 0 -0.15875) (end 0 1.5875) (angle 180) (layer F.SilkS) (width 0.127))
    (fp_line (start 0.3175 -1.905) (end 0 -1.905) (layer F.SilkS) (width 0.127))
    (fp_line (start 6.35 -1.905) (end 5.715 -1.905) (layer F.SilkS) (width 0.127))
    (pad K thru_hole circle (at 6.35 0 180) (size 1.4 1.4) (drill 1) (layers *.Cu *.Mask)
      (net 50 M5) (solder_mask_margin 0.1016))
    (pad K2 thru_hole circle (at 3.175 0 180) (size 1.4 1.4) (drill 1) (layers *.Cu *.Mask)
      (net 40 M1) (solder_mask_margin 0.1016))
    (pad A thru_hole circle (at 0 0 180) (size 1.4 1.4) (drill 1) (layers *.Cu *.Mask)
      (net 16 HV1) (solder_mask_margin 0.1016))
  )

  (module vumeter:fixed-IN-13-footprint-wide-sockets (layer F.Cu) (tedit 5DF8A393) (tstamp 5DFA2596)
    (at 131.35 109.5 180)
    (path /5DFB2365)
    (fp_text reference N2 (at 0.3175 3.3338) (layer F.SilkS) hide
      (effects (font (size 1.2065 1.2065) (thickness 0.1016)) (justify right bottom))
    )
    (fp_text value IN-13 (at 3.175 2.495) (layer F.SilkS)
      (effects (font (size 1.27 1.27) (thickness 0.15)))
    )
    (fp_line (start 0 -1.27) (end 6.35 -1.27) (layer F.SilkS) (width 0.254))
    (fp_line (start 0 1.5875) (end 6.35 1.5875) (layer F.SilkS) (width 0.254))
    (fp_arc (start 0 -0.1588) (end -1.7463 -0.1588) (angle -90) (layer F.SilkS) (width 0.254))
    (fp_arc (start -0.000099 -0.158799) (end -0.0001 -1.905) (angle -90) (layer F.SilkS) (width 0.254))
    (fp_line (start 0.3175 -1.905) (end -0.0001 -1.905) (layer F.SilkS) (width 0.254))
    (fp_line (start 5.715 -1.905) (end 0.3175 -1.905) (layer F.SilkS) (width 0.254))
    (fp_line (start 6.3501 -1.905) (end 5.715 -1.905) (layer F.SilkS) (width 0.254))
    (fp_arc (start 6.3501 -0.158799) (end 8.0963 -0.1588) (angle -90) (layer F.SilkS) (width 0.254))
    (fp_arc (start 6.35 -0.1588) (end 6.35 1.5875) (angle -90) (layer F.SilkS) (width 0.254))
    (fp_arc (start 6.35 -0.15875) (end 6.35 1.5875) (angle -180) (layer F.SilkS) (width 0.127))
    (fp_arc (start 0 -0.15875) (end 0 1.5875) (angle 180) (layer F.SilkS) (width 0.127))
    (fp_line (start 0.3175 -1.905) (end 0 -1.905) (layer F.SilkS) (width 0.127))
    (fp_line (start 6.35 -1.905) (end 5.715 -1.905) (layer F.SilkS) (width 0.127))
    (pad K thru_hole circle (at 6.35 0 180) (size 1.4 1.4) (drill 1) (layers *.Cu *.Mask)
      (net 51 M6) (solder_mask_margin 0.1016))
    (pad K2 thru_hole circle (at 3.175 0 180) (size 1.4 1.4) (drill 1) (layers *.Cu *.Mask)
      (net 41 M2) (solder_mask_margin 0.1016))
    (pad A thru_hole circle (at 0 0 180) (size 1.4 1.4) (drill 1) (layers *.Cu *.Mask)
      (net 16 HV1) (solder_mask_margin 0.1016))
  )

  (module vumeter:fixed-IN-13-footprint-wide-sockets (layer F.Cu) (tedit 5DF8A393) (tstamp 5DFB3169)
    (at 156.35 109.5 180)
    (path /5E0DEECA)
    (fp_text reference N3 (at 0.3175 3.3338) (layer F.SilkS) hide
      (effects (font (size 1.2065 1.2065) (thickness 0.1016)) (justify right bottom))
    )
    (fp_text value IN-13 (at 3.175 2.495) (layer F.SilkS)
      (effects (font (size 1.27 1.27) (thickness 0.15)))
    )
    (fp_line (start 0 -1.27) (end 6.35 -1.27) (layer F.SilkS) (width 0.254))
    (fp_line (start 0 1.5875) (end 6.35 1.5875) (layer F.SilkS) (width 0.254))
    (fp_arc (start 0 -0.1588) (end -1.7463 -0.1588) (angle -90) (layer F.SilkS) (width 0.254))
    (fp_arc (start -0.000099 -0.158799) (end -0.0001 -1.905) (angle -90) (layer F.SilkS) (width 0.254))
    (fp_line (start 0.3175 -1.905) (end -0.0001 -1.905) (layer F.SilkS) (width 0.254))
    (fp_line (start 5.715 -1.905) (end 0.3175 -1.905) (layer F.SilkS) (width 0.254))
    (fp_line (start 6.3501 -1.905) (end 5.715 -1.905) (layer F.SilkS) (width 0.254))
    (fp_arc (start 6.3501 -0.158799) (end 8.0963 -0.1588) (angle -90) (layer F.SilkS) (width 0.254))
    (fp_arc (start 6.35 -0.1588) (end 6.35 1.5875) (angle -90) (layer F.SilkS) (width 0.254))
    (fp_arc (start 6.35 -0.15875) (end 6.35 1.5875) (angle -180) (layer F.SilkS) (width 0.127))
    (fp_arc (start 0 -0.15875) (end 0 1.5875) (angle 180) (layer F.SilkS) (width 0.127))
    (fp_line (start 0.3175 -1.905) (end 0 -1.905) (layer F.SilkS) (width 0.127))
    (fp_line (start 6.35 -1.905) (end 5.715 -1.905) (layer F.SilkS) (width 0.127))
    (pad K thru_hole circle (at 6.35 0 180) (size 1.4 1.4) (drill 1) (layers *.Cu *.Mask)
      (net 52 M7) (solder_mask_margin 0.1016))
    (pad K2 thru_hole circle (at 3.175 0 180) (size 1.4 1.4) (drill 1) (layers *.Cu *.Mask)
      (net 42 M3) (solder_mask_margin 0.1016))
    (pad A thru_hole circle (at 0 0 180) (size 1.4 1.4) (drill 1) (layers *.Cu *.Mask)
      (net 15 HV2) (solder_mask_margin 0.1016))
  )

  (module vumeter:fixed-IN-13-footprint-wide-sockets (layer F.Cu) (tedit 5DF8A393) (tstamp 5DFB317C)
    (at 181.35 109.5 180)
    (path /5E0DEE87)
    (fp_text reference N4 (at 0.3175 3.3338) (layer F.SilkS) hide
      (effects (font (size 1.2065 1.2065) (thickness 0.1016)) (justify right bottom))
    )
    (fp_text value IN-13 (at 3.175 2.495) (layer F.SilkS)
      (effects (font (size 1.27 1.27) (thickness 0.15)))
    )
    (fp_line (start 0 -1.27) (end 6.35 -1.27) (layer F.SilkS) (width 0.254))
    (fp_line (start 0 1.5875) (end 6.35 1.5875) (layer F.SilkS) (width 0.254))
    (fp_arc (start 0 -0.1588) (end -1.7463 -0.1588) (angle -90) (layer F.SilkS) (width 0.254))
    (fp_arc (start -0.000099 -0.158799) (end -0.0001 -1.905) (angle -90) (layer F.SilkS) (width 0.254))
    (fp_line (start 0.3175 -1.905) (end -0.0001 -1.905) (layer F.SilkS) (width 0.254))
    (fp_line (start 5.715 -1.905) (end 0.3175 -1.905) (layer F.SilkS) (width 0.254))
    (fp_line (start 6.3501 -1.905) (end 5.715 -1.905) (layer F.SilkS) (width 0.254))
    (fp_arc (start 6.3501 -0.158799) (end 8.0963 -0.1588) (angle -90) (layer F.SilkS) (width 0.254))
    (fp_arc (start 6.35 -0.1588) (end 6.35 1.5875) (angle -90) (layer F.SilkS) (width 0.254))
    (fp_arc (start 6.35 -0.15875) (end 6.35 1.5875) (angle -180) (layer F.SilkS) (width 0.127))
    (fp_arc (start 0 -0.15875) (end 0 1.5875) (angle 180) (layer F.SilkS) (width 0.127))
    (fp_line (start 0.3175 -1.905) (end 0 -1.905) (layer F.SilkS) (width 0.127))
    (fp_line (start 6.35 -1.905) (end 5.715 -1.905) (layer F.SilkS) (width 0.127))
    (pad K thru_hole circle (at 6.35 0 180) (size 1.4 1.4) (drill 1) (layers *.Cu *.Mask)
      (net 53 M8) (solder_mask_margin 0.1016))
    (pad K2 thru_hole circle (at 3.175 0 180) (size 1.4 1.4) (drill 1) (layers *.Cu *.Mask)
      (net 43 M4) (solder_mask_margin 0.1016))
    (pad A thru_hole circle (at 0 0 180) (size 1.4 1.4) (drill 1) (layers *.Cu *.Mask)
      (net 15 HV2) (solder_mask_margin 0.1016))
  )

  (module Capacitor_SMD:C_1206_3216Metric (layer F.Cu) (tedit 5B301BBE) (tstamp 5DF8092B)
    (at 134.175 103.005 270)
    (descr "Capacitor SMD 1206 (3216 Metric), square (rectangular) end terminal, IPC_7351 nominal, (Body size source: http://www.tortai-tech.com/upload/download/2011102023233369053.pdf), generated with kicad-footprint-generator")
    (tags capacitor)
    (path /5E0182A3)
    (attr smd)
    (fp_text reference C_decouple1 (at -0.2 2 90) (layer F.SilkS) hide
      (effects (font (size 1 1) (thickness 0.15)))
    )
    (fp_text value 0.1u (at 0 1.82 90) (layer F.SilkS)
      (effects (font (size 1 1) (thickness 0.15)))
    )
    (fp_line (start -1.6 0.8) (end -1.6 -0.8) (layer F.Fab) (width 0.1))
    (fp_line (start -1.6 -0.8) (end 1.6 -0.8) (layer F.Fab) (width 0.1))
    (fp_line (start 1.6 -0.8) (end 1.6 0.8) (layer F.Fab) (width 0.1))
    (fp_line (start 1.6 0.8) (end -1.6 0.8) (layer F.Fab) (width 0.1))
    (fp_line (start -0.602064 -0.91) (end 0.602064 -0.91) (layer F.SilkS) (width 0.12))
    (fp_line (start -0.602064 0.91) (end 0.602064 0.91) (layer F.SilkS) (width 0.12))
    (fp_line (start -2.28 1.12) (end -2.28 -1.12) (layer F.CrtYd) (width 0.05))
    (fp_line (start -2.28 -1.12) (end 2.28 -1.12) (layer F.CrtYd) (width 0.05))
    (fp_line (start 2.28 -1.12) (end 2.28 1.12) (layer F.CrtYd) (width 0.05))
    (fp_line (start 2.28 1.12) (end -2.28 1.12) (layer F.CrtYd) (width 0.05))
    (fp_text user %R (at 0 0 90) (layer F.Fab)
      (effects (font (size 0.8 0.8) (thickness 0.12)))
    )
    (pad 1 smd roundrect (at -1.4 0 270) (size 1.25 1.75) (layers F.Cu F.Paste F.Mask) (roundrect_rratio 0.2)
      (net 2 3V3))
    (pad 2 smd roundrect (at 1.4 0 270) (size 1.25 1.75) (layers F.Cu F.Paste F.Mask) (roundrect_rratio 0.2)
      (net 1 GND))
    (model ${KISYS3DMOD}/Capacitor_SMD.3dshapes/C_1206_3216Metric.wrl
      (at (xyz 0 0 0))
      (scale (xyz 1 1 1))
      (rotate (xyz 0 0 0))
    )
  )

  (module Capacitor_SMD:C_1206_3216Metric (layer F.Cu) (tedit 5B301BBE) (tstamp 5DFA220B)
    (at 113.175 94.255 90)
    (descr "Capacitor SMD 1206 (3216 Metric), square (rectangular) end terminal, IPC_7351 nominal, (Body size source: http://www.tortai-tech.com/upload/download/2011102023233369053.pdf), generated with kicad-footprint-generator")
    (tags capacitor)
    (path /5E0002CC)
    (attr smd)
    (fp_text reference C_pwm1 (at 0.05 1.6 90) (layer F.SilkS) hide
      (effects (font (size 1 1) (thickness 0.15)))
    )
    (fp_text value 0.1u (at 0 1.75 270) (layer F.SilkS)
      (effects (font (size 1 1) (thickness 0.15)))
    )
    (fp_line (start -1.6 0.8) (end -1.6 -0.8) (layer F.Fab) (width 0.1))
    (fp_line (start -1.6 -0.8) (end 1.6 -0.8) (layer F.Fab) (width 0.1))
    (fp_line (start 1.6 -0.8) (end 1.6 0.8) (layer F.Fab) (width 0.1))
    (fp_line (start 1.6 0.8) (end -1.6 0.8) (layer F.Fab) (width 0.1))
    (fp_line (start -0.602064 -0.91) (end 0.602064 -0.91) (layer F.SilkS) (width 0.12))
    (fp_line (start -0.602064 0.91) (end 0.602064 0.91) (layer F.SilkS) (width 0.12))
    (fp_line (start -2.28 1.12) (end -2.28 -1.12) (layer F.CrtYd) (width 0.05))
    (fp_line (start -2.28 -1.12) (end 2.28 -1.12) (layer F.CrtYd) (width 0.05))
    (fp_line (start 2.28 -1.12) (end 2.28 1.12) (layer F.CrtYd) (width 0.05))
    (fp_line (start 2.28 1.12) (end -2.28 1.12) (layer F.CrtYd) (width 0.05))
    (fp_text user %R (at 0 0 90) (layer F.Fab)
      (effects (font (size 0.8 0.8) (thickness 0.12)))
    )
    (pad 1 smd roundrect (at -1.4 0 90) (size 1.25 1.75) (layers F.Cu F.Paste F.Mask) (roundrect_rratio 0.2)
      (net 3 "Net-(C_pwm1-Pad1)"))
    (pad 2 smd roundrect (at 1.4 0 90) (size 1.25 1.75) (layers F.Cu F.Paste F.Mask) (roundrect_rratio 0.2)
      (net 1 GND))
    (model ${KISYS3DMOD}/Capacitor_SMD.3dshapes/C_1206_3216Metric.wrl
      (at (xyz 0 0 0))
      (scale (xyz 1 1 1))
      (rotate (xyz 0 0 0))
    )
  )

  (module Capacitor_SMD:C_1206_3216Metric (layer F.Cu) (tedit 5B301BBE) (tstamp 5DF8094D)
    (at 118.175 94.255 90)
    (descr "Capacitor SMD 1206 (3216 Metric), square (rectangular) end terminal, IPC_7351 nominal, (Body size source: http://www.tortai-tech.com/upload/download/2011102023233369053.pdf), generated with kicad-footprint-generator")
    (tags capacitor)
    (path /5E01461F)
    (attr smd)
    (fp_text reference C_pwm2 (at 0 -1.82 270) (layer F.SilkS) hide
      (effects (font (size 1 1) (thickness 0.15)))
    )
    (fp_text value 0.1u (at 0 1.75 90) (layer F.SilkS)
      (effects (font (size 1 1) (thickness 0.15)))
    )
    (fp_text user %R (at 0 0 270) (layer F.Fab)
      (effects (font (size 0.8 0.8) (thickness 0.12)))
    )
    (fp_line (start 2.28 1.12) (end -2.28 1.12) (layer F.CrtYd) (width 0.05))
    (fp_line (start 2.28 -1.12) (end 2.28 1.12) (layer F.CrtYd) (width 0.05))
    (fp_line (start -2.28 -1.12) (end 2.28 -1.12) (layer F.CrtYd) (width 0.05))
    (fp_line (start -2.28 1.12) (end -2.28 -1.12) (layer F.CrtYd) (width 0.05))
    (fp_line (start -0.602064 0.91) (end 0.602064 0.91) (layer F.SilkS) (width 0.12))
    (fp_line (start -0.602064 -0.91) (end 0.602064 -0.91) (layer F.SilkS) (width 0.12))
    (fp_line (start 1.6 0.8) (end -1.6 0.8) (layer F.Fab) (width 0.1))
    (fp_line (start 1.6 -0.8) (end 1.6 0.8) (layer F.Fab) (width 0.1))
    (fp_line (start -1.6 -0.8) (end 1.6 -0.8) (layer F.Fab) (width 0.1))
    (fp_line (start -1.6 0.8) (end -1.6 -0.8) (layer F.Fab) (width 0.1))
    (pad 2 smd roundrect (at 1.4 0 90) (size 1.25 1.75) (layers F.Cu F.Paste F.Mask) (roundrect_rratio 0.2)
      (net 1 GND))
    (pad 1 smd roundrect (at -1.4 0 90) (size 1.25 1.75) (layers F.Cu F.Paste F.Mask) (roundrect_rratio 0.2)
      (net 4 "Net-(C_pwm2-Pad1)"))
    (model ${KISYS3DMOD}/Capacitor_SMD.3dshapes/C_1206_3216Metric.wrl
      (at (xyz 0 0 0))
      (scale (xyz 1 1 1))
      (rotate (xyz 0 0 0))
    )
  )

  (module Capacitor_SMD:C_1206_3216Metric (layer F.Cu) (tedit 5B301BBE) (tstamp 5DF8095E)
    (at 162.575 94.805 90)
    (descr "Capacitor SMD 1206 (3216 Metric), square (rectangular) end terminal, IPC_7351 nominal, (Body size source: http://www.tortai-tech.com/upload/download/2011102023233369053.pdf), generated with kicad-footprint-generator")
    (tags capacitor)
    (path /5E0DEEEF)
    (attr smd)
    (fp_text reference C_pwm3 (at 0 1.8 270) (layer F.SilkS) hide
      (effects (font (size 1 1) (thickness 0.15)))
    )
    (fp_text value 0.1u (at -0.2 -1.65 270) (layer F.SilkS)
      (effects (font (size 1 1) (thickness 0.15)))
    )
    (fp_text user %R (at 0 0 270) (layer F.Fab)
      (effects (font (size 0.8 0.8) (thickness 0.12)))
    )
    (fp_line (start 2.28 1.12) (end -2.28 1.12) (layer F.CrtYd) (width 0.05))
    (fp_line (start 2.28 -1.12) (end 2.28 1.12) (layer F.CrtYd) (width 0.05))
    (fp_line (start -2.28 -1.12) (end 2.28 -1.12) (layer F.CrtYd) (width 0.05))
    (fp_line (start -2.28 1.12) (end -2.28 -1.12) (layer F.CrtYd) (width 0.05))
    (fp_line (start -0.602064 0.91) (end 0.602064 0.91) (layer F.SilkS) (width 0.12))
    (fp_line (start -0.602064 -0.91) (end 0.602064 -0.91) (layer F.SilkS) (width 0.12))
    (fp_line (start 1.6 0.8) (end -1.6 0.8) (layer F.Fab) (width 0.1))
    (fp_line (start 1.6 -0.8) (end 1.6 0.8) (layer F.Fab) (width 0.1))
    (fp_line (start -1.6 -0.8) (end 1.6 -0.8) (layer F.Fab) (width 0.1))
    (fp_line (start -1.6 0.8) (end -1.6 -0.8) (layer F.Fab) (width 0.1))
    (pad 2 smd roundrect (at 1.4 0 90) (size 1.25 1.75) (layers F.Cu F.Paste F.Mask) (roundrect_rratio 0.2)
      (net 1 GND))
    (pad 1 smd roundrect (at -1.4 0 90) (size 1.25 1.75) (layers F.Cu F.Paste F.Mask) (roundrect_rratio 0.2)
      (net 5 "Net-(C_pwm3-Pad1)"))
    (model ${KISYS3DMOD}/Capacitor_SMD.3dshapes/C_1206_3216Metric.wrl
      (at (xyz 0 0 0))
      (scale (xyz 1 1 1))
      (rotate (xyz 0 0 0))
    )
  )

  (module Capacitor_SMD:C_1206_3216Metric (layer F.Cu) (tedit 5B301BBE) (tstamp 5DF8096F)
    (at 167.975 94.805 90)
    (descr "Capacitor SMD 1206 (3216 Metric), square (rectangular) end terminal, IPC_7351 nominal, (Body size source: http://www.tortai-tech.com/upload/download/2011102023233369053.pdf), generated with kicad-footprint-generator")
    (tags capacitor)
    (path /5E0DEF05)
    (attr smd)
    (fp_text reference C_pwm4 (at 0 -1.82 270) (layer F.SilkS) hide
      (effects (font (size 1 1) (thickness 0.15)))
    )
    (fp_text value 0.1u (at -0.2 -1.8 270) (layer F.SilkS)
      (effects (font (size 1 1) (thickness 0.15)))
    )
    (fp_line (start -1.6 0.8) (end -1.6 -0.8) (layer F.Fab) (width 0.1))
    (fp_line (start -1.6 -0.8) (end 1.6 -0.8) (layer F.Fab) (width 0.1))
    (fp_line (start 1.6 -0.8) (end 1.6 0.8) (layer F.Fab) (width 0.1))
    (fp_line (start 1.6 0.8) (end -1.6 0.8) (layer F.Fab) (width 0.1))
    (fp_line (start -0.602064 -0.91) (end 0.602064 -0.91) (layer F.SilkS) (width 0.12))
    (fp_line (start -0.602064 0.91) (end 0.602064 0.91) (layer F.SilkS) (width 0.12))
    (fp_line (start -2.28 1.12) (end -2.28 -1.12) (layer F.CrtYd) (width 0.05))
    (fp_line (start -2.28 -1.12) (end 2.28 -1.12) (layer F.CrtYd) (width 0.05))
    (fp_line (start 2.28 -1.12) (end 2.28 1.12) (layer F.CrtYd) (width 0.05))
    (fp_line (start 2.28 1.12) (end -2.28 1.12) (layer F.CrtYd) (width 0.05))
    (fp_text user %R (at 0 0 270) (layer F.Fab)
      (effects (font (size 0.8 0.8) (thickness 0.12)))
    )
    (pad 1 smd roundrect (at -1.4 0 90) (size 1.25 1.75) (layers F.Cu F.Paste F.Mask) (roundrect_rratio 0.2)
      (net 6 "Net-(C_pwm4-Pad1)"))
    (pad 2 smd roundrect (at 1.4 0 90) (size 1.25 1.75) (layers F.Cu F.Paste F.Mask) (roundrect_rratio 0.2)
      (net 1 GND))
    (model ${KISYS3DMOD}/Capacitor_SMD.3dshapes/C_1206_3216Metric.wrl
      (at (xyz 0 0 0))
      (scale (xyz 1 1 1))
      (rotate (xyz 0 0 0))
    )
  )

  (module Resistor_SMD:R_1206_3216Metric (layer F.Cu) (tedit 5B301BBD) (tstamp 5DF80C07)
    (at 109.175 94.255 270)
    (descr "Resistor SMD 1206 (3216 Metric), square (rectangular) end terminal, IPC_7351 nominal, (Body size source: http://www.tortai-tech.com/upload/download/2011102023233369053.pdf), generated with kicad-footprint-generator")
    (tags resistor)
    (path /5E002090)
    (attr smd)
    (fp_text reference R_pwm1 (at 0 -1.82 90) (layer F.SilkS) hide
      (effects (font (size 1 1) (thickness 0.15)))
    )
    (fp_text value 5k (at 0 -1.75 90) (layer F.SilkS)
      (effects (font (size 1 1) (thickness 0.15)))
    )
    (fp_line (start -1.6 0.8) (end -1.6 -0.8) (layer F.Fab) (width 0.1))
    (fp_line (start -1.6 -0.8) (end 1.6 -0.8) (layer F.Fab) (width 0.1))
    (fp_line (start 1.6 -0.8) (end 1.6 0.8) (layer F.Fab) (width 0.1))
    (fp_line (start 1.6 0.8) (end -1.6 0.8) (layer F.Fab) (width 0.1))
    (fp_line (start -0.602064 -0.91) (end 0.602064 -0.91) (layer F.SilkS) (width 0.12))
    (fp_line (start -0.602064 0.91) (end 0.602064 0.91) (layer F.SilkS) (width 0.12))
    (fp_line (start -2.28 1.12) (end -2.28 -1.12) (layer F.CrtYd) (width 0.05))
    (fp_line (start -2.28 -1.12) (end 2.28 -1.12) (layer F.CrtYd) (width 0.05))
    (fp_line (start 2.28 -1.12) (end 2.28 1.12) (layer F.CrtYd) (width 0.05))
    (fp_line (start 2.28 1.12) (end -2.28 1.12) (layer F.CrtYd) (width 0.05))
    (fp_text user %R (at 0 0 90) (layer F.Fab)
      (effects (font (size 0.8 0.8) (thickness 0.12)))
    )
    (pad 1 smd roundrect (at -1.4 0 270) (size 1.25 1.75) (layers F.Cu F.Paste F.Mask) (roundrect_rratio 0.2)
      (net 31 PWM1))
    (pad 2 smd roundrect (at 1.4 0 270) (size 1.25 1.75) (layers F.Cu F.Paste F.Mask) (roundrect_rratio 0.2)
      (net 3 "Net-(C_pwm1-Pad1)"))
    (model ${KISYS3DMOD}/Resistor_SMD.3dshapes/R_1206_3216Metric.wrl
      (at (xyz 0 0 0))
      (scale (xyz 1 1 1))
      (rotate (xyz 0 0 0))
    )
  )

  (module Resistor_SMD:R_1206_3216Metric (layer F.Cu) (tedit 5B301BBD) (tstamp 5DF96415)
    (at 121.925 94.255 270)
    (descr "Resistor SMD 1206 (3216 Metric), square (rectangular) end terminal, IPC_7351 nominal, (Body size source: http://www.tortai-tech.com/upload/download/2011102023233369053.pdf), generated with kicad-footprint-generator")
    (tags resistor)
    (path /5E014625)
    (attr smd)
    (fp_text reference R_pwm2 (at -0.05 1.95 90) (layer F.SilkS) hide
      (effects (font (size 1 1) (thickness 0.15)))
    )
    (fp_text value 5k (at 0 -1.75 270) (layer F.SilkS)
      (effects (font (size 1 1) (thickness 0.15)))
    )
    (fp_line (start -1.6 0.8) (end -1.6 -0.8) (layer F.Fab) (width 0.1))
    (fp_line (start -1.6 -0.8) (end 1.6 -0.8) (layer F.Fab) (width 0.1))
    (fp_line (start 1.6 -0.8) (end 1.6 0.8) (layer F.Fab) (width 0.1))
    (fp_line (start 1.6 0.8) (end -1.6 0.8) (layer F.Fab) (width 0.1))
    (fp_line (start -0.602064 -0.91) (end 0.602064 -0.91) (layer F.SilkS) (width 0.12))
    (fp_line (start -0.602064 0.91) (end 0.602064 0.91) (layer F.SilkS) (width 0.12))
    (fp_line (start -2.28 1.12) (end -2.28 -1.12) (layer F.CrtYd) (width 0.05))
    (fp_line (start -2.28 -1.12) (end 2.28 -1.12) (layer F.CrtYd) (width 0.05))
    (fp_line (start 2.28 -1.12) (end 2.28 1.12) (layer F.CrtYd) (width 0.05))
    (fp_line (start 2.28 1.12) (end -2.28 1.12) (layer F.CrtYd) (width 0.05))
    (fp_text user %R (at 0 0 90) (layer F.Fab)
      (effects (font (size 0.8 0.8) (thickness 0.12)))
    )
    (pad 1 smd roundrect (at -1.4 0 270) (size 1.25 1.75) (layers F.Cu F.Paste F.Mask) (roundrect_rratio 0.2)
      (net 32 PWM2))
    (pad 2 smd roundrect (at 1.4 0 270) (size 1.25 1.75) (layers F.Cu F.Paste F.Mask) (roundrect_rratio 0.2)
      (net 4 "Net-(C_pwm2-Pad1)"))
    (model ${KISYS3DMOD}/Resistor_SMD.3dshapes/R_1206_3216Metric.wrl
      (at (xyz 0 0 0))
      (scale (xyz 1 1 1))
      (rotate (xyz 0 0 0))
    )
  )

  (module Resistor_SMD:R_1206_3216Metric (layer F.Cu) (tedit 5B301BBD) (tstamp 5DF94947)
    (at 158.775 94.805 270)
    (descr "Resistor SMD 1206 (3216 Metric), square (rectangular) end terminal, IPC_7351 nominal, (Body size source: http://www.tortai-tech.com/upload/download/2011102023233369053.pdf), generated with kicad-footprint-generator")
    (tags resistor)
    (path /5E0DEEF5)
    (attr smd)
    (fp_text reference R_pwm3 (at 0 -1.82 90) (layer F.SilkS) hide
      (effects (font (size 1 1) (thickness 0.15)))
    )
    (fp_text value 5k (at -0.05 1.85 90) (layer F.SilkS)
      (effects (font (size 1 1) (thickness 0.15)))
    )
    (fp_text user %R (at 0 0 90) (layer F.Fab)
      (effects (font (size 0.8 0.8) (thickness 0.12)))
    )
    (fp_line (start 2.28 1.12) (end -2.28 1.12) (layer F.CrtYd) (width 0.05))
    (fp_line (start 2.28 -1.12) (end 2.28 1.12) (layer F.CrtYd) (width 0.05))
    (fp_line (start -2.28 -1.12) (end 2.28 -1.12) (layer F.CrtYd) (width 0.05))
    (fp_line (start -2.28 1.12) (end -2.28 -1.12) (layer F.CrtYd) (width 0.05))
    (fp_line (start -0.602064 0.91) (end 0.602064 0.91) (layer F.SilkS) (width 0.12))
    (fp_line (start -0.602064 -0.91) (end 0.602064 -0.91) (layer F.SilkS) (width 0.12))
    (fp_line (start 1.6 0.8) (end -1.6 0.8) (layer F.Fab) (width 0.1))
    (fp_line (start 1.6 -0.8) (end 1.6 0.8) (layer F.Fab) (width 0.1))
    (fp_line (start -1.6 -0.8) (end 1.6 -0.8) (layer F.Fab) (width 0.1))
    (fp_line (start -1.6 0.8) (end -1.6 -0.8) (layer F.Fab) (width 0.1))
    (pad 2 smd roundrect (at 1.4 0 270) (size 1.25 1.75) (layers F.Cu F.Paste F.Mask) (roundrect_rratio 0.2)
      (net 5 "Net-(C_pwm3-Pad1)"))
    (pad 1 smd roundrect (at -1.4 0 270) (size 1.25 1.75) (layers F.Cu F.Paste F.Mask) (roundrect_rratio 0.2)
      (net 25 PWM3))
    (model ${KISYS3DMOD}/Resistor_SMD.3dshapes/R_1206_3216Metric.wrl
      (at (xyz 0 0 0))
      (scale (xyz 1 1 1))
      (rotate (xyz 0 0 0))
    )
  )

  (module Resistor_SMD:R_1206_3216Metric (layer F.Cu) (tedit 5B301BBD) (tstamp 5DF80C3A)
    (at 172.575 94.805 270)
    (descr "Resistor SMD 1206 (3216 Metric), square (rectangular) end terminal, IPC_7351 nominal, (Body size source: http://www.tortai-tech.com/upload/download/2011102023233369053.pdf), generated with kicad-footprint-generator")
    (tags resistor)
    (path /5E0DEF0B)
    (attr smd)
    (fp_text reference R_pwm4 (at -0.2 2.2 90) (layer F.SilkS) hide
      (effects (font (size 1 1) (thickness 0.15)))
    )
    (fp_text value 5k (at -0.05 1.65 90) (layer F.SilkS)
      (effects (font (size 1 1) (thickness 0.15)))
    )
    (fp_text user %R (at 0 0 90) (layer F.Fab)
      (effects (font (size 0.8 0.8) (thickness 0.12)))
    )
    (fp_line (start 2.28 1.12) (end -2.28 1.12) (layer F.CrtYd) (width 0.05))
    (fp_line (start 2.28 -1.12) (end 2.28 1.12) (layer F.CrtYd) (width 0.05))
    (fp_line (start -2.28 -1.12) (end 2.28 -1.12) (layer F.CrtYd) (width 0.05))
    (fp_line (start -2.28 1.12) (end -2.28 -1.12) (layer F.CrtYd) (width 0.05))
    (fp_line (start -0.602064 0.91) (end 0.602064 0.91) (layer F.SilkS) (width 0.12))
    (fp_line (start -0.602064 -0.91) (end 0.602064 -0.91) (layer F.SilkS) (width 0.12))
    (fp_line (start 1.6 0.8) (end -1.6 0.8) (layer F.Fab) (width 0.1))
    (fp_line (start 1.6 -0.8) (end 1.6 0.8) (layer F.Fab) (width 0.1))
    (fp_line (start -1.6 -0.8) (end 1.6 -0.8) (layer F.Fab) (width 0.1))
    (fp_line (start -1.6 0.8) (end -1.6 -0.8) (layer F.Fab) (width 0.1))
    (pad 2 smd roundrect (at 1.4 0 270) (size 1.25 1.75) (layers F.Cu F.Paste F.Mask) (roundrect_rratio 0.2)
      (net 6 "Net-(C_pwm4-Pad1)"))
    (pad 1 smd roundrect (at -1.4 0 270) (size 1.25 1.75) (layers F.Cu F.Paste F.Mask) (roundrect_rratio 0.2)
      (net 26 PWM4))
    (model ${KISYS3DMOD}/Resistor_SMD.3dshapes/R_1206_3216Metric.wrl
      (at (xyz 0 0 0))
      (scale (xyz 1 1 1))
      (rotate (xyz 0 0 0))
    )
  )

  (module Resistor_SMD:R_1206_3216Metric (layer F.Cu) (tedit 5B301BBD) (tstamp 5DF80C4B)
    (at 108.425 100.005 180)
    (descr "Resistor SMD 1206 (3216 Metric), square (rectangular) end terminal, IPC_7351 nominal, (Body size source: http://www.tortai-tech.com/upload/download/2011102023233369053.pdf), generated with kicad-footprint-generator")
    (tags resistor)
    (path /5DFE5353)
    (attr smd)
    (fp_text reference R_Sense1 (at 0 -1.82) (layer F.SilkS) hide
      (effects (font (size 1 1) (thickness 0.15)))
    )
    (fp_text value 330 (at 0 1.82) (layer F.SilkS)
      (effects (font (size 1 1) (thickness 0.15)))
    )
    (fp_text user %R (at 0 0) (layer F.Fab)
      (effects (font (size 0.8 0.8) (thickness 0.12)))
    )
    (fp_line (start 2.28 1.12) (end -2.28 1.12) (layer F.CrtYd) (width 0.05))
    (fp_line (start 2.28 -1.12) (end 2.28 1.12) (layer F.CrtYd) (width 0.05))
    (fp_line (start -2.28 -1.12) (end 2.28 -1.12) (layer F.CrtYd) (width 0.05))
    (fp_line (start -2.28 1.12) (end -2.28 -1.12) (layer F.CrtYd) (width 0.05))
    (fp_line (start -0.602064 0.91) (end 0.602064 0.91) (layer F.SilkS) (width 0.12))
    (fp_line (start -0.602064 -0.91) (end 0.602064 -0.91) (layer F.SilkS) (width 0.12))
    (fp_line (start 1.6 0.8) (end -1.6 0.8) (layer F.Fab) (width 0.1))
    (fp_line (start 1.6 -0.8) (end 1.6 0.8) (layer F.Fab) (width 0.1))
    (fp_line (start -1.6 -0.8) (end 1.6 -0.8) (layer F.Fab) (width 0.1))
    (fp_line (start -1.6 0.8) (end -1.6 -0.8) (layer F.Fab) (width 0.1))
    (pad 2 smd roundrect (at 1.4 0 180) (size 1.25 1.75) (layers F.Cu F.Paste F.Mask) (roundrect_rratio 0.2)
      (net 27 "Net-(R_Sense1-Pad2)"))
    (pad 1 smd roundrect (at -1.4 0 180) (size 1.25 1.75) (layers F.Cu F.Paste F.Mask) (roundrect_rratio 0.2)
      (net 17 "Net-(Q1-Pad3)"))
    (model ${KISYS3DMOD}/Resistor_SMD.3dshapes/R_1206_3216Metric.wrl
      (at (xyz 0 0 0))
      (scale (xyz 1 1 1))
      (rotate (xyz 0 0 0))
    )
  )

  (module Resistor_SMD:R_1206_3216Metric (layer F.Cu) (tedit 5B301BBD) (tstamp 5DF964E4)
    (at 122.925 100.005)
    (descr "Resistor SMD 1206 (3216 Metric), square (rectangular) end terminal, IPC_7351 nominal, (Body size source: http://www.tortai-tech.com/upload/download/2011102023233369053.pdf), generated with kicad-footprint-generator")
    (tags resistor)
